Our matrix A is
    0.0008   67.8865    5.3462   68.6773   41.5999   32.8234   72.2660
   67.8865   67.9296   52.9700   58.8977   70.1191   63.2639   75.3356
    5.3462   52.9700   67.1149   93.0436   91.0321   75.6410   65.1519
   68.6773   58.8977   93.0436   84.6167   76.2198   99.1037    7.2686
   41.5999   70.1191   91.0321   76.2198   26.2453   36.5339   63.1635
   32.8234   63.2639   75.6410   99.1037   36.5339   24.7039   88.4707
   72.2660   75.3356   65.1519    7.2686   63.1635   88.4707   27.2710

Checking that V*Vt is the identity
    1.0000    0.0000    0.0000   -0.0000    0.0000   -0.0000    0.0000
    0.0000    1.0000   -0.0000   -0.0000   -0.0000   -0.0000   -0.0000
    0.0000   -0.0000    1.0000   -0.0000    0.0000    0.0000    0.0000
   -0.0000   -0.0000   -0.0000    1.0000   -0.0000   -0.0000    0.0000
    0.0000   -0.0000    0.0000   -0.0000    1.0000   -0.0000   -0.0000
   -0.0000   -0.0000    0.0000   -0.0000   -0.0000    1.0000    0.0000
    0.0000   -0.0000    0.0000    0.0000   -0.0000    0.0000    1.0000

Matrix D is
 -122.7285    0.0000    0.0000   -0.0000   -0.0000   -0.0000    0.0000
   -0.0000  -72.4549    0.0000   -0.0000    0.0000    0.0000   -0.0000
    0.0000    0.0000  -28.8189    0.0000   -0.0000    0.0000    0.0000
   -0.0000   -0.0000    0.0000   -0.6751    0.0000   -0.0000    0.0000
   -0.0000    0.0000    0.0000    0.0000   29.2323    0.0000    0.0000
   -0.0000    0.0000    0.0000   -0.0000    0.0000   69.6950    0.0000
    0.0000   -0.0000    0.0000    0.0000    0.0000    0.0000  423.6323

Checking that Vt*A*V equals D
 -122.7285    0.0000    0.0000   -0.0000   -0.0000   -0.0000    0.0000
    0.0000  -72.4549    0.0000   -0.0000    0.0000    0.0000   -0.0000
    0.0000    0.0000  -28.8189    0.0000   -0.0000    0.0000    0.0000
   -0.0000   -0.0000    0.0000   -0.6751    0.0000   -0.0000    0.0000
   -0.0000    0.0000   -0.0000    0.0000   29.2323    0.0000    0.0000
   -0.0000    0.0000   -0.0000   -0.0000    0.0000   69.6950    0.0000
    0.0000   -0.0000    0.0000    0.0000    0.0000    0.0000  423.6323

Checking that V*D*Vt equals A
    0.0008   67.8865    5.3462   68.6773   41.5999   32.8234   72.2660
   67.8865   67.9296   52.9700   58.8977   70.1191   63.2639   75.3356
    5.3462   52.9700   67.1149   93.0436   91.0321   75.6410   65.1519
   68.6773   58.8977   93.0436   84.6167   76.2198   99.1037    7.2686
   41.5999   70.1191   91.0321   76.2198   26.2453   36.5339   63.1635
   32.8234   63.2639   75.6410   99.1037   36.5339   24.7039   88.4707
   72.2660   75.3356   65.1519    7.2686   63.1635   88.4707   27.2710

